[gd_scene load_steps=5 format=3 uid="uid://hf7fe3qpks5o"]

[ext_resource type="Script" path="res://Scene/Main.gd" id="1_7f24b"]
[ext_resource type="MeshLibrary" uid="uid://yw5jydlt6p33" path="res://Better_Models.tres" id="2_qf3wg"]
[ext_resource type="PackedScene" uid="uid://dao7uc1w3p3nk" path="res://jason_test/player.tscn" id="3_sx4l6"]
[ext_resource type="Script" path="res://Scene/Camera3D.gd" id="4_j5gsd"]

[node name="Main" type="Node"]
script = ExtResource("1_7f24b")

[node name="DirectionalLight3D" type="DirectionalLight3D" parent="."]
transform = Transform3D(0.999997, -0.000882792, 0.00234297, -4.14782e-05, 0.92981, 0.36804, -0.00250342, -0.368039, 0.929807, 0, 4.25281, 5.90649)
light_color = Color(0.568627, 0.611765, 0.803922, 1)
shadow_enabled = true

[node name="player" parent="." instance=ExtResource("3_sx4l6")]
transform = Transform3D(1.00053, 0, 0, 0, 1.00053, 0, 0, 0, 1.00053, 0, 0.164801, 0)
collision_mask = 6

[node name="Camera3D" type="Camera3D" parent="player"]
transform = Transform3D(0.99947, 0, 0, 0, 0.706732, 0.706732, 0, -0.706732, 0.706732, 0, 1.571, 1.49196)
projection = 1
size = 2.0
script = ExtResource("4_j5gsd")

[node name="EnemyTimer" type="Timer" parent="."]
wait_time = 2.5
autostart = true

[node name="SpotLight3D" type="SpotLight3D" parent="."]
transform = Transform3D(1, 0, 0, 0, -0.0666396, 0.997777, 0, -0.997777, -0.0666396, -2.9657, 2, 1.45508)
light_color = Color(1, 1, 0.188235, 1)

[node name="GridMap" type="GridMap" parent="." groups=["map"]]
transform = Transform3D(0.25, 0, 0, 0, 0.25, 0, 0, 0, 0.25, 0, 0, 0)
mesh_library = ExtResource("2_qf3wg")
cell_size = Vector3(2, 0.5, 2)
cell_center_x = false
cell_center_y = false
cell_center_z = false
collision_layer = 4
collision_mask = 0
data = {
"cells": PackedInt32Array(65535, 65535, 13, 0, 65535, 13, 65535, 0, 13, 0, 0, 13, 1, 0, 13, 1, 65535, 13, 0, 1, 13, 65535, 1, 13, 1, 65534, 10, 0, 65534, 10, 65535, 65534, 10, 65534, 65534, 10, 6, 65531, 10, 5, 65533, 10, 5, 65532, 10, 6, 65530, 10, 6, 65529, 10, 7, 65529, 10, 7, 65528, 10, 7, 65527, 10, 7, 65526, 10, 8, 65525, 10, 8, 65524, 10, 8, 65523, 10, 65534, 65535, 13, 65534, 0, 13, 65533, 0, 13, 65533, 65535, 13, 65533, 1, 13, 65533, 2, 13, 65533, 3, 13, 65534, 2, 13, 65534, 1, 13, 65535, 2, 13, 65532, 2, 13, 65531, 2, 13, 65530, 2, 13, 65530, 1, 13, 65529, 1, 13, 65528, 1, 13, 65528, 0, 13, 65529, 0, 13, 65530, 0, 13, 65532, 3, 13, 65531, 3, 13, 65531, 1, 13, 65531, 0, 13, 65532, 1, 13, 65532, 0, 13, 65532, 65535, 13)
}

[connection signal="timeout" from="EnemyTimer" to="." method="_on_enemy_timer_timeout"]
