[gd_scene load_steps=6 format=3 uid="uid://hf7fe3qpks5o"]

[ext_resource type="Script" path="res://Scene/Main.gd" id="1_7f24b"]
[ext_resource type="PackedScene" uid="uid://dao7uc1w3p3nk" path="res://jason_test/player.tscn" id="3_sx4l6"]
[ext_resource type="PackedScene" uid="uid://bama8qxeuh5on" path="res://room.tscn" id="4_0mxak"]
[ext_resource type="Script" path="res://Scene/Camera3D.gd" id="4_j5gsd"]

[sub_resource type="NavigationMesh" id="NavigationMesh_5syk0"]
vertices = PackedVector3Array(-0.00183356, 0.199981, -1.20122, 0.398166, 0.199981, -1.30122, 0.0981665, 0.199981, -1.50122, -0.301834, 0.199981, -1.40122, 1.99817, 0.199981, -1.20122, 2.39817, 0.199981, -1.30122, 2.09817, 0.199981, -1.50122, 1.69817, 0.199981, -1.40122, -0.00183356, 0.199981, 0.398777, 0.398166, 0.199981, 0.298777, 0.0981665, 0.199981, 0.0987768, -0.301834, 0.199981, 0.198777, 1.89817, 0.199981, 0.398777, 2.29817, 0.199981, 0.298777, 1.99817, 0.199981, 0.0987768, 1.59817, 0.199981, 0.198777)
polygons = [PackedInt32Array(3, 2, 0), PackedInt32Array(0, 2, 1), PackedInt32Array(7, 6, 4), PackedInt32Array(4, 6, 5), PackedInt32Array(9, 8, 10), PackedInt32Array(10, 8, 11), PackedInt32Array(15, 14, 12), PackedInt32Array(12, 14, 13)]
cell_size = 0.1
cell_height = 0.1

[node name="Main" type="Node"]
script = ExtResource("1_7f24b")

[node name="DirectionalLight3D" type="DirectionalLight3D" parent="."]
transform = Transform3D(0.999997, -0.000882792, 0.00234297, -4.14782e-05, 0.92981, 0.36804, -0.00250342, -0.368039, 0.929807, 0, 4.25281, 5.90649)
light_color = Color(0.568627, 0.611765, 0.803922, 1)
shadow_enabled = true

[node name="player" parent="." instance=ExtResource("3_sx4l6")]
transform = Transform3D(1.00053, 0, 0, 0, 1.00053, 0, 0, 0, 1.00053, 0, 0.180102, 0)
collision_mask = 6

[node name="Camera3D" type="Camera3D" parent="player"]
transform = Transform3D(0.99947, 0, 0, 0, 0.706732, 0.706732, 0, -0.706732, 0.706732, 0, 1.571, 1.49196)
projection = 1
current = true
size = 2.5
script = ExtResource("4_j5gsd")

[node name="EnemyTimer" type="Timer" parent="."]
wait_time = 3.0
autostart = true

[node name="SpotLight3D" type="SpotLight3D" parent="."]
transform = Transform3D(1, 0, 0, 0, -0.0666396, 0.997777, 0, -0.997777, -0.0666396, 0.489134, 2, 1.45508)
light_color = Color(1, 1, 0.188235, 1)

[node name="NavigationRegion3D" type="NavigationRegion3D" parent="."]
transform = Transform3D(0.998999, 0, 0, 0, 0.998999, 0, 0, 0, 0.998999, 0, 0, 0)
navigation_mesh = SubResource("NavigationMesh_5syk0")

[node name="room" parent="NavigationRegion3D" instance=ExtResource("4_0mxak")]
transform = Transform3D(1.001, 0, 0, 0, 1.001, 0, 0, 0, 1.001, 0, 0, 0)

[connection signal="timeout" from="EnemyTimer" to="." method="_on_enemy_timer_timeout"]
